AL062018, FLORENCE,  4,
20180910, 0600, I, HU, 23.0N,  53.0W, 130,  940, 0, 0, 0, 0, 0, 0, 0, 0, 0, 0, 0, 0, 15
20180912, 1200,  , HU, 30.0N,  73.0W, 110,  950, 0, 0, 0, 0, 0, 0, 0, 0, 0, 0, 0, 0, 15
20180914, 1115, L, HU, 34.2N,  77.9W,  80,  958, 0, 0, 0, 0, 0, 0, 0, 0, 0, 0, 0, 0, 15
20180915, 1800,  , TS, 34.5N,  79.5W,  35,  990, 0, 0, 0, 0, 0, 0, 0, 0, 0, 0, 0, 0, 15
AL052019, DORIAN,  3,
20190901, 1200, I, HU, 26.5N,  76.5W, 160,  910, 0, 0, 0, 0, 0, 0, 0, 0, 0, 0, 0, 0, 15
20190906, 0830, L, HU, 35.2N,  75.5W,  80,  956, 0, 0, 0, 0, 0, 0, 0, 0, 0, 0, 0, 0, 15
20190907, 0000,  , HU, 37.0N,  73.0W,  75,  960, 0, 0, 0, 0, 0, 0, 0, 0, 0, 0, 0, 0, 15
AL092011, IRENE,  3,
20110824, 1800, I, HU, 24.0N,  76.0W, 105,  942, 0, 0, 0, 0, 0, 0, 0, 0, 0, 0, 0, 0, 15
20110827, 1200, L, HU, 34.7N,  76.7W,  75,  952, 0, 0, 0, 0, 0, 0, 0, 0, 0, 0, 0, 0, 15
20110828, 0900,  , TS, 39.0N,  74.0W,  55,  960, 0, 0, 0, 0, 0, 0, 0, 0, 0, 0, 0, 0, 15
